[gd_scene load_steps=3 format=3 uid="uid://5em3k6k3vmar"]

[ext_resource type="Material" uid="uid://c3qwd3ia5fe3x" path="res://dynamic_res/Models/Grass.tres" id="1_2benj"]

[sub_resource type="QuadMesh" id="QuadMesh_btvt8"]

[node name="Grass01" type="Node3D"]

[node name="0" type="MeshInstance3D" parent="."]
transform = Transform3D(0.914452, -0.134577, -0.381663, 0, 0.943089, -0.33254, 0.404695, 0.304092, 0.86241, -0.0307826, 0.400219, 0.187336)
mesh = SubResource("QuadMesh_btvt8")
surface_material_override/0 = ExtResource("1_2benj")

[node name="1" type="MeshInstance3D" parent="."]
transform = Transform3D(0.353863, 0.826819, -0.437209, 0.0194134, 0.46086, 0.88726, 0.935096, -0.322457, 0.14703, 0.387156, 0.129628, -0.15099)
mesh = SubResource("QuadMesh_btvt8")
skeleton = NodePath("")
surface_material_override/0 = ExtResource("1_2benj")

[node name="2" type="MeshInstance3D" parent="."]
transform = Transform3D(-0.828549, -0.256032, 0.497951, -0.4971, 0.745641, -0.443746, -0.25768, -0.615196, -0.745074, -0.119887, 0.271314, -0.288064)
mesh = SubResource("QuadMesh_btvt8")
skeleton = NodePath("")
surface_material_override/0 = ExtResource("1_2benj")

[node name="3" type="MeshInstance3D" parent="."]
transform = Transform3D(0.835456, -0.260445, -0.483924, -0.133147, 0.758406, -0.638038, 0.533184, 0.597485, 0.598938, -0.121953, 0.268953, 0.279771)
mesh = SubResource("QuadMesh_btvt8")
skeleton = NodePath("")
surface_material_override/0 = ExtResource("1_2benj")

[node name="4" type="MeshInstance3D" parent="."]
transform = Transform3D(-0.266542, -0.612378, -0.744277, -0.134577, 0.788295, -0.6004, 0.954382, -0.0598693, -0.292526, -0.258862, 0.413831, -0.123625)
mesh = SubResource("QuadMesh_btvt8")
skeleton = NodePath("../0")
surface_material_override/0 = ExtResource("1_2benj")
