[gd_scene load_steps=9 format=3 uid="uid://b2mc5iamf2ues"]

[ext_resource type="PackedScene" uid="uid://bq87e5wf0o3k0" path="res://scenes/prefabs/camera/third_person_camera.tscn" id="2_16g2k"]
[ext_resource type="PackedScene" uid="uid://b1uwudfm0vnol" path="res://scenes/prefabs/player.tscn" id="2_d0q4b"]
[ext_resource type="Texture2D" uid="uid://cpypk63cwkm6q" path="res://textures/ground.jpg" id="3_5bigc"]
[ext_resource type="PackedScene" uid="uid://cs5hu2vbeiawv" path="res://scenes/prefabs/log.tscn" id="4_whgxs"]
[ext_resource type="PackedScene" uid="uid://cdn3m55du7ra6" path="res://scenes/prefabs/stone.tscn" id="5_tdper"]

[sub_resource type="PlaneMesh" id="PlaneMesh_8e4f7"]
size = Vector2(20, 20)

[sub_resource type="StandardMaterial3D" id="StandardMaterial3D_5jhxw"]
albedo_texture = ExtResource("3_5bigc")

[sub_resource type="HeightMapShape3D" id="HeightMapShape3D_t72rg"]
map_width = 20
map_depth = 20
map_data = PackedFloat32Array(0, 0, 0, 0, 0, 0, 0, 0, 0, 0, 0, 0, 0, 0, 0, 0, 0, 0, 0, 0, 0, 0, 0, 0, 0, 0, 0, 0, 0, 0, 0, 0, 0, 0, 0, 0, 0, 0, 0, 0, 0, 0, 0, 0, 0, 0, 0, 0, 0, 0, 0, 0, 0, 0, 0, 0, 0, 0, 0, 0, 0, 0, 0, 0, 0, 0, 0, 0, 0, 0, 0, 0, 0, 0, 0, 0, 0, 0, 0, 0, 0, 0, 0, 0, 0, 0, 0, 0, 0, 0, 0, 0, 0, 0, 0, 0, 0, 0, 0, 0, 0, 0, 0, 0, 0, 0, 0, 0, 0, 0, 0, 0, 0, 0, 0, 0, 0, 0, 0, 0, 0, 0, 0, 0, 0, 0, 0, 0, 0, 0, 0, 0, 0, 0, 0, 0, 0, 0, 0, 0, 0, 0, 0, 0, 0, 0, 0, 0, 0, 0, 0, 0, 0, 0, 0, 0, 0, 0, 0, 0, 0, 0, 0, 0, 0, 0, 0, 0, 0, 0, 0, 0, 0, 0, 0, 0, 0, 0, 0, 0, 0, 0, 0, 0, 0, 0, 0, 0, 0, 0, 0, 0, 0, 0, 0, 0, 0, 0, 0, 0, 0, 0, 0, 0, 0, 0, 0, 0, 0, 0, 0, 0, 0, 0, 0, 0, 0, 0, 0, 0, 0, 0, 0, 0, 0, 0, 0, 0, 0, 0, 0, 0, 0, 0, 0, 0, 0, 0, 0, 0, 0, 0, 0, 0, 0, 0, 0, 0, 0, 0, 0, 0, 0, 0, 0, 0, 0, 0, 0, 0, 0, 0, 0, 0, 0, 0, 0, 0, 0, 0, 0, 0, 0, 0, 0, 0, 0, 0, 0, 0, 0, 0, 0, 0, 0, 0, 0, 0, 0, 0, 0, 0, 0, 0, 0, 0, 0, 0, 0, 0, 0, 0, 0, 0, 0, 0, 0, 0, 0, 0, 0, 0, 0, 0, 0, 0, 0, 0, 0, 0, 0, 0, 0, 0, 0, 0, 0, 0, 0, 0, 0, 0, 0, 0, 0, 0, 0, 0, 0, 0, 0, 0, 0, 0, 0, 0, 0, 0, 0, 0, 0, 0, 0, 0, 0, 0, 0, 0, 0, 0, 0, 0, 0, 0, 0, 0, 0, 0, 0, 0, 0, 0, 0, 0, 0, 0, 0, 0, 0, 0, 0, 0, 0, 0, 0, 0, 0, 0, 0, 0, 0, 0, 0, 0, 0, 0, 0, 0, 0, 0)

[node name="Node3D" type="Node3D"]

[node name="ThirdPersonCamera" parent="." node_paths=PackedStringArray("target") instance=ExtResource("2_16g2k")]
target = NodePath("../Player")

[node name="Player" parent="." instance=ExtResource("2_d0q4b")]

[node name="Plane" type="StaticBody3D" parent="."]

[node name="MeshInstance3D" type="MeshInstance3D" parent="Plane"]
mesh = SubResource("PlaneMesh_8e4f7")
surface_material_override/0 = SubResource("StandardMaterial3D_5jhxw")

[node name="CollisionShape3D" type="CollisionShape3D" parent="Plane"]
shape = SubResource("HeightMapShape3D_t72rg")

[node name="DirectionalLight3D" type="DirectionalLight3D" parent="."]
transform = Transform3D(1, 0, 0, 0, 0.857742, 0.51408, 0, -0.51408, 0.857742, 0, 5.64387, 9.41679)

[node name="Trunk" parent="." instance=ExtResource("4_whgxs")]
transform = Transform3D(0.661168, -0.65417, 0.367313, 0, 0.489596, 0.87195, -0.750238, -0.576505, 0.323705, 1.90043, 5.11965, -3.17195)

[node name="Trunk2" parent="." instance=ExtResource("4_whgxs")]
transform = Transform3D(0.661168, -0.65417, 0.367313, 0.428053, -0.0731567, -0.900788, 0.616139, 0.752802, 0.231651, 0.818244, 4, -3.17195)

[node name="Trunk3" parent="." instance=ExtResource("4_whgxs")]
transform = Transform3D(0.361239, 0.052644, 0.930986, -0.553759, 0.815396, 0.168761, -0.750238, -0.576505, 0.323705, 1.90043, 4, -3.17195)

[node name="Stone" parent="." instance=ExtResource("5_tdper")]
transform = Transform3D(1, 0, 0, 0, 1, 0, 0, 0, 1, 3.71773, 2.21232, -2.57555)
